yes-answer,time,distance,intensity,difference
0,1.558,0,10,-1.0
0,1.16,0,10,-1.0
0,2.139,0,10,-1.0
0,1.53,0,10,-1.0
0,2.343,0,10,-1.0
0,1.872,0,10,-1.0
0,1.111,0,10,-1.0
0,1.38,0,10,-1.0
0,1.27,0,10,-1.0
0,1.296,0,10,-1.0
0,1.984,0,10,-0.775
0,1.897,0,10,-0.775
0,1.585,0,10,-0.775
0,1.471,0,10,-0.775
0,1.773,0,10,-0.775
0,1.1,0,10,-0.775
0,1.673,0,10,-0.775
0,1.6980000000000002,0,10,-0.775
0,1.955,0,10,-0.775
0,1.993,0,10,-0.775
0,2.318,0,10,-0.55
0,1.249,0,10,-0.55
0,1.403,0,10,-0.55
0,1.614,0,10,-0.55
0,2.165,0,10,-0.55
0,1.7180000000000002,0,10,-0.55
1,1.622,0,10,-0.55
0,1.794,0,10,-0.55
0,1.5730000000000002,0,10,-0.55
0,1.773,0,10,-0.55
0,2.457,0,10,-0.3250000000000001
0,1.96,0,10,-0.3250000000000001
0,2.343,0,10,-0.3250000000000001
0,1.258,0,10,-0.3250000000000001
1,1.758,0,10,-0.3250000000000001
0,2.007,0,10,-0.3250000000000001
0,1.596,0,10,-0.3250000000000001
0,1.729,0,10,-0.3250000000000001
0,0.242,0,10,-0.3250000000000001
0,2.684,0,10,-0.3250000000000001
0,1.393,0,10,-0.10000000000000007
0,1.771,0,10,-0.10000000000000007
1,1.63,0,10,-0.10000000000000007
1,1.618,0,10,-0.10000000000000007
1,1.6980000000000002,0,10,-0.10000000000000007
0,1.986,0,10,-0.10000000000000007
1,1.568,0,10,-0.10000000000000007
1,1.214,0,10,-0.10000000000000007
0,1.473,0,10,-0.10000000000000007
0,2.54,0,10,-0.10000000000000007
1,1.4780000000000002,0,10,0.1
0,2.36,0,10,0.1
1,2.947,0,10,0.1
0,1.3630000000000002,0,10,0.1
0,1.999,0,10,0.1
1,1.499,0,10,0.1
1,1.528,0,10,0.1
1,3.923,0,10,0.1
0,1.457,0,10,0.1
1,1.338,0,10,0.1
1,1.7619999999999998,0,10,0.325
0,3.2110000000000003,0,10,0.325
0,1.831,0,10,0.325
1,1.5019999999999998,0,10,0.325
0,1.851,0,10,0.325
1,1.886,0,10,0.325
1,2.146,0,10,0.325
1,1.6980000000000002,0,10,0.325
1,2.173,0,10,0.325
1,2.241,0,10,0.325
1,1.848,0,10,0.55
1,1.266,0,10,0.55
1,1.679,0,10,0.55
1,1.386,0,10,0.55
1,1.419,0,10,0.55
1,1.75,0,10,0.55
1,1.497,0,10,0.55
1,2.029,0,10,0.55
1,1.413,0,10,0.55
1,2.44,0,10,0.55
0,1.367,0,10,0.775
1,1.2009999999999998,0,10,0.775
1,1.773,0,10,0.775
1,1.598,0,10,0.775
1,2.271,0,10,0.775
1,1.558,0,10,0.775
1,2.0,0,10,0.775
1,2.464,0,10,0.775
1,1.4780000000000002,0,10,0.775
1,1.939,0,10,0.775
1,1.6769999999999998,0,10,1.0
1,2.091,0,10,1.0
1,1.666,0,10,1.0
1,2.419,0,10,1.0
1,1.385,0,10,1.0
1,1.601,0,10,1.0
1,1.874,0,10,1.0
1,1.6769999999999998,0,10,1.0
1,1.413,0,10,1.0
1,1.148,0,10,1.0
0,1.34,50,10,-2.0
0,1.584,50,10,-2.0
0,1.286,50,10,-2.0
0,1.283,50,10,-2.0
0,1.628,50,10,-2.0
0,1.3119999999999998,50,10,-2.0
0,1.847,50,10,-2.0
0,1.795,50,10,-2.0
0,1.5659999999999998,50,10,-2.0
0,2.377,50,10,-2.0
0,1.503,50,10,-1.525
0,2.22,50,10,-1.525
0,1.578,50,10,-1.525
0,1.787,50,10,-1.525
0,1.6230000000000002,50,10,-1.525
0,1.7480000000000002,50,10,-1.525
0,1.481,50,10,-1.525
0,1.581,50,10,-1.525
0,1.337,50,10,-1.525
0,1.723,50,10,-1.525
0,1.726,50,10,-1.0499999999999998
0,1.416,50,10,-1.0499999999999998
0,1.6230000000000002,50,10,-1.0499999999999998
0,1.4509999999999998,50,10,-1.0499999999999998
0,1.469,50,10,-1.0499999999999998
0,1.362,50,10,-1.0499999999999998
0,1.771,50,10,-1.0499999999999998
0,1.974,50,10,-1.0499999999999998
0,1.827,50,10,-1.0499999999999998
0,2.677,50,10,-1.0499999999999998
0,1.5319999999999998,50,10,-0.5749999999999997
0,2.091,50,10,-0.5749999999999997
1,2.02,50,10,-0.5749999999999997
0,1.6869999999999998,50,10,-0.5749999999999997
0,1.704,50,10,-0.5749999999999997
0,1.639,50,10,-0.5749999999999997
0,1.245,50,10,-0.5749999999999997
0,1.5530000000000002,50,10,-0.5749999999999997
1,1.704,50,10,-0.5749999999999997
0,1.61,50,10,-0.5749999999999997
1,1.198,50,10,-0.09999999999999963
1,3.4410000000000003,50,10,-0.09999999999999963
0,3.084,50,10,-0.09999999999999963
0,2.188,50,10,-0.09999999999999963
0,2.105,50,10,-0.09999999999999963
0,2.039,50,10,-0.09999999999999963
0,1.405,50,10,-0.09999999999999963
0,1.849,50,10,-0.09999999999999963
0,1.384,50,10,-0.09999999999999963
0,1.121,50,10,-0.09999999999999963
1,2.178,50,10,0.1
0,3.4560000000000004,50,10,0.1
1,1.968,50,10,0.1
1,2.031,50,10,0.1
0,1.9,50,10,0.1
0,2.316,50,10,0.1
0,3.4730000000000003,50,10,0.1
0,2.4290000000000003,50,10,0.1
0,2.019,50,10,0.1
0,2.067,50,10,0.1
1,1.834,50,10,0.575
1,1.612,50,10,0.575
0,1.909,50,10,0.575
1,1.985,50,10,0.575
1,1.982,50,10,0.575
1,2.042,50,10,0.575
1,1.759,50,10,0.575
1,1.975,50,10,0.575
1,2.023,50,10,0.575
1,1.725,50,10,0.575
1,1.7919999999999998,50,10,1.05
1,1.16,50,10,1.05
1,2.0340000000000003,50,10,1.05
1,1.158,50,10,1.05
1,1.4780000000000002,50,10,1.05
1,1.199,50,10,1.05
1,1.551,50,10,1.05
1,1.988,50,10,1.05
1,1.643,50,10,1.05
1,1.436,50,10,1.05
1,1.6909999999999998,50,10,1.525
1,1.232,50,10,1.525
1,2.278,50,10,1.525
1,1.275,50,10,1.525
1,1.206,50,10,1.525
1,1.683,50,10,1.525
1,1.672,50,10,1.525
1,1.338,50,10,1.525
1,1.268,50,10,1.525
1,1.5830000000000002,50,10,1.525
1,1.834,50,10,2.0
1,1.521,50,10,2.0
1,1.51,50,10,2.0
1,1.543,50,10,2.0
1,1.496,50,10,2.0
1,1.591,50,10,2.0
1,1.736,50,10,2.0
1,1.467,50,10,2.0
1,1.53,50,10,2.0
1,1.508,50,10,2.0
0,2.611,100,10,-3.0
0,1.234,100,10,-3.0
0,1.625,100,10,-3.0
0,1.847,100,10,-3.0
0,1.6669999999999998,100,10,-3.0
0,1.516,100,10,-3.0
0,1.4680000000000002,100,10,-3.0
0,1.39,100,10,-3.0
0,1.596,100,10,-3.0
0,1.956,100,10,-3.0
0,1.771,100,10,-2.275
0,1.879,100,10,-2.275
0,1.6030000000000002,100,10,-2.275
0,1.839,100,10,-2.275
0,1.475,100,10,-2.275
0,1.489,100,10,-2.275
0,1.536,100,10,-2.275
0,1.161,100,10,-2.275
0,1.722,100,10,-2.275
0,1.6880000000000002,100,10,-2.275
0,2.161,100,10,-1.5499999999999998
0,1.79,100,10,-1.5499999999999998
0,1.4280000000000002,100,10,-1.5499999999999998
0,1.926,100,10,-1.5499999999999998
0,1.838,100,10,-1.5499999999999998
0,2.798,100,10,-1.5499999999999998
0,1.526,100,10,-1.5499999999999998
0,1.652,100,10,-1.5499999999999998
0,1.09,100,10,-1.5499999999999998
0,1.234,100,10,-1.5499999999999998
0,1.874,100,10,-0.8249999999999997
0,2.505,100,10,-0.8249999999999997
0,1.927,100,10,-0.8249999999999997
0,1.539,100,10,-0.8249999999999997
0,2.259,100,10,-0.8249999999999997
1,2.977,100,10,-0.8249999999999997
0,1.537,100,10,-0.8249999999999997
0,1.971,100,10,-0.8249999999999997
1,1.579,100,10,-0.8249999999999997
0,1.879,100,10,-0.8249999999999997
0,1.514,100,10,-0.09999999999999963
1,4.811,100,10,-0.09999999999999963
1,2.033,100,10,-0.09999999999999963
1,2.14,100,10,-0.09999999999999963
0,2.307,100,10,-0.09999999999999963
0,1.96,100,10,-0.09999999999999963
0,1.165,100,10,-0.09999999999999963
0,2.121,100,10,-0.09999999999999963
0,2.161,100,10,-0.09999999999999963
1,1.653,100,10,-0.09999999999999963
0,2.894,100,10,0.1
1,2.168,100,10,0.1
1,1.839,100,10,0.1
1,1.621,100,10,0.1
1,2.614,100,10,0.1
1,2.215,100,10,0.1
0,1.734,100,10,0.1
1,2.002,100,10,0.1
0,2.018,100,10,0.1
1,1.785,100,10,0.1
1,2.9560000000000004,100,10,0.825
1,2.93,100,10,0.825
1,1.6969999999999998,100,10,0.825
1,1.888,100,10,0.825
1,1.5619999999999998,100,10,0.825
1,1.852,100,10,0.825
1,2.698,100,10,0.825
1,1.918,100,10,0.825
1,2.523,100,10,0.825
1,1.81,100,10,0.825
1,1.796,100,10,1.55
1,1.528,100,10,1.55
1,1.967,100,10,1.55
1,1.482,100,10,1.55
1,1.78,100,10,1.55
1,1.254,100,10,1.55
1,1.511,100,10,1.55
1,1.33,100,10,1.55
1,1.579,100,10,1.55
1,1.683,100,10,1.55
1,1.737,100,10,2.275
1,1.117,100,10,2.275
1,1.824,100,10,2.275
1,1.7,100,10,2.275
1,1.108,100,10,2.275
1,1.294,100,10,2.275
1,1.638,100,10,2.275
1,2.176,100,10,2.275
1,1.574,100,10,2.275
1,2.2030000000000003,100,10,2.275
1,1.233,100,10,3.0
1,1.243,100,10,3.0
1,1.784,100,10,3.0
1,1.369,100,10,3.0
1,1.172,100,10,3.0
1,1.391,100,10,3.0
1,1.422,100,10,3.0
1,1.776,100,10,3.0
1,1.939,100,10,3.0
1,1.4269999999999998,100,10,3.0
0,1.839,150,10,-4.0
0,2.264,150,10,-4.0
0,1.93,150,10,-4.0
0,3.605,150,10,-4.0
0,1.349,150,10,-4.0
0,1.4280000000000002,150,10,-4.0
0,1.383,150,10,-4.0
0,1.945,150,10,-4.0
0,1.607,150,10,-4.0
0,1.6780000000000002,150,10,-4.0
0,1.903,150,10,-3.025
0,2.221,150,10,-3.025
0,1.416,150,10,-3.025
0,1.739,150,10,-3.025
0,1.958,150,10,-3.025
0,1.505,150,10,-3.025
0,1.187,150,10,-3.025
0,1.49,150,10,-3.025
0,1.283,150,10,-3.025
0,1.843,150,10,-3.025
0,2.147,150,10,-2.05
0,2.547,150,10,-2.05
0,1.897,150,10,-2.05
0,1.62,150,10,-2.05
0,1.295,150,10,-2.05
0,1.918,150,10,-2.05
0,1.829,150,10,-2.05
0,1.633,150,10,-2.05
0,1.284,150,10,-2.05
0,1.337,150,10,-2.05
0,1.644,150,10,-1.0749999999999995
0,1.635,150,10,-1.0749999999999995
0,1.55,150,10,-1.0749999999999995
0,1.842,150,10,-1.0749999999999995
0,1.4269999999999998,150,10,-1.0749999999999995
0,1.492,150,10,-1.0749999999999995
0,1.928,150,10,-1.0749999999999995
1,1.52,150,10,-1.0749999999999995
0,1.7009999999999998,150,10,-1.0749999999999995
0,1.294,150,10,-1.0749999999999995
1,2.19,150,10,-0.09999999999999963
0,2.277,150,10,-0.09999999999999963
0,1.969,150,10,-0.09999999999999963
1,2.248,150,10,-0.09999999999999963
0,1.833,150,10,-0.09999999999999963
0,1.843,150,10,-0.09999999999999963
0,2.14,150,10,-0.09999999999999963
1,1.539,150,10,-0.09999999999999963
1,2.06,150,10,-0.09999999999999963
0,2.362,150,10,-0.09999999999999963
0,1.892,150,10,0.1
1,1.784,150,10,0.1
0,2.25,150,10,0.1
0,3.22,150,10,0.1
0,2.173,150,10,0.1
1,1.963,150,10,0.1
1,2.42,150,10,0.1
0,1.736,150,10,0.1
1,2.086,150,10,0.1
0,2.681,150,10,0.1
1,1.77,150,10,1.075
1,2.144,150,10,1.075
0,2.074,150,10,1.075
1,2.75,150,10,1.075
1,1.839,150,10,1.075
1,4.58,150,10,1.075
1,2.148,150,10,1.075
1,1.883,150,10,1.075
1,1.879,150,10,1.075
1,2.821,150,10,1.075
1,1.859,150,10,2.05
1,2.022,150,10,2.05
1,3.513,150,10,2.05
1,1.665,150,10,2.05
1,1.764,150,10,2.05
1,1.43,150,10,2.05
1,1.921,150,10,2.05
1,2.019,150,10,2.05
1,1.605,150,10,2.05
1,1.5019999999999998,150,10,2.05
1,1.425,150,10,3.025
1,2.358,150,10,3.025
1,1.967,150,10,3.025
1,1.774,150,10,3.025
1,1.582,150,10,3.025
1,1.4469999999999998,150,10,3.025
1,1.811,150,10,3.025
1,1.671,150,10,3.025
1,1.5930000000000002,150,10,3.025
1,1.385,150,10,3.025
1,1.185,150,10,4.0
1,2.217,150,10,4.0
1,1.642,150,10,4.0
1,1.964,150,10,4.0
1,1.4280000000000002,150,10,4.0
1,1.869,150,10,4.0
1,1.104,150,10,4.0
1,1.668,150,10,4.0
1,1.794,150,10,4.0
1,1.211,150,10,4.0
0,1.6909999999999998,200,10,-5.0
0,2.17,200,10,-5.0
0,2.661,200,10,-5.0
0,2.587,200,10,-5.0
0,2.191,200,10,-5.0
0,1.61,200,10,-5.0
0,1.45,200,10,-5.0
0,1.675,200,10,-5.0
0,1.265,200,10,-5.0
0,1.711,200,10,-5.0
0,1.43,200,10,-3.775
0,1.878,200,10,-3.775
0,1.194,200,10,-3.775
0,1.142,200,10,-3.775
0,1.339,200,10,-3.775
0,1.653,200,10,-3.775
0,1.418,200,10,-3.775
0,1.319,200,10,-3.775
0,1.668,200,10,-3.775
0,1.729,200,10,-3.775
0,2.312,200,10,-2.55
0,2.454,200,10,-2.55
0,1.807,200,10,-2.55
0,1.788,200,10,-2.55
0,1.797,200,10,-2.55
0,1.978,200,10,-2.55
0,2.027,200,10,-2.55
0,1.444,200,10,-2.55
0,1.405,200,10,-2.55
0,1.125,200,10,-2.55
0,2.764,200,10,-1.3249999999999995
0,2.092,200,10,-1.3249999999999995
0,2.124,200,10,-1.3249999999999995
0,1.911,200,10,-1.3249999999999995
0,1.662,200,10,-1.3249999999999995
0,1.779,200,10,-1.3249999999999995
0,1.399,200,10,-1.3249999999999995
0,1.845,200,10,-1.3249999999999995
0,1.536,200,10,-1.3249999999999995
0,2.018,200,10,-1.3249999999999995
0,1.72,200,10,-0.09999999999999963
0,1.746,200,10,-0.09999999999999963
0,1.913,200,10,-0.09999999999999963
0,2.023,200,10,-0.09999999999999963
0,1.632,200,10,-0.09999999999999963
1,1.723,200,10,-0.09999999999999963
0,1.824,200,10,-0.09999999999999963
0,1.661,200,10,-0.09999999999999963
0,1.717,200,10,-0.09999999999999963
1,1.398,200,10,-0.09999999999999963
1,2.305,200,10,0.1
1,2.584,200,10,0.1
0,1.218,200,10,0.1
1,1.6669999999999998,200,10,0.1
0,1.984,200,10,0.1
1,1.825,200,10,0.1
0,1.638,200,10,0.1
0,2.852,200,10,0.1
1,2.535,200,10,0.1
1,2.269,200,10,0.1
1,1.788,200,10,1.3250000000000002
1,2.301,200,10,1.3250000000000002
1,1.662,200,10,1.3250000000000002
1,11.322,200,10,1.3250000000000002
1,1.46,200,10,1.3250000000000002
1,1.263,200,10,1.3250000000000002
1,1.745,200,10,1.3250000000000002
1,1.813,200,10,1.3250000000000002
1,1.671,200,10,1.3250000000000002
1,1.487,200,10,1.3250000000000002
1,2.109,200,10,2.5500000000000003
1,2.132,200,10,2.5500000000000003
1,2.086,200,10,2.5500000000000003
1,1.818,200,10,2.5500000000000003
1,1.5490000000000002,200,10,2.5500000000000003
1,1.825,200,10,2.5500000000000003
1,3.097,200,10,2.5500000000000003
1,1.501,200,10,2.5500000000000003
1,1.25,200,10,2.5500000000000003
1,1.957,200,10,2.5500000000000003
1,1.731,200,10,3.775
1,2.234,200,10,3.775
0,1.874,200,10,3.775
1,1.778,200,10,3.775
1,1.788,200,10,3.775
1,1.968,200,10,3.775
1,2.392,200,10,3.775
1,1.605,200,10,3.775
1,1.233,200,10,3.775
1,1.269,200,10,3.775
1,1.175,200,10,5.0
1,2.323,200,10,5.0
1,1.465,200,10,5.0
1,1.823,200,10,5.0
1,1.84,200,10,5.0
1,1.5119999999999998,200,10,5.0
1,1.5319999999999998,200,10,5.0
1,1.455,200,10,5.0
1,1.75,200,10,5.0
1,1.934,200,10,5.0
0,9.513,0,20,-2.5
0,1.913,0,20,-2.5
0,1.07,0,20,-2.5
0,2.79,0,20,-2.5
0,2.186,0,20,-2.5
0,1.242,0,20,-2.5
0,1.314,0,20,-2.5
0,1.953,0,20,-2.5
0,1.62,0,20,-2.5
0,1.521,0,20,-2.5
0,1.619,0,20,-1.9
0,2.124,0,20,-1.9
0,1.226,0,20,-1.9
0,1.366,0,20,-1.9
0,1.157,0,20,-1.9
0,2.271,0,20,-1.9
0,1.339,0,20,-1.9
0,1.4,0,20,-1.9
0,1.183,0,20,-1.9
0,1.6669999999999998,0,20,-1.9
0,1.525,0,20,-1.2999999999999998
0,2.708,0,20,-1.2999999999999998
0,1.5019999999999998,0,20,-1.2999999999999998
0,1.6230000000000002,0,20,-1.2999999999999998
0,1.783,0,20,-1.2999999999999998
0,1.463,0,20,-1.2999999999999998
0,1.722,0,20,-1.2999999999999998
0,1.554,0,20,-1.2999999999999998
1,1.393,0,20,-1.2999999999999998
0,1.6569999999999998,0,20,-1.2999999999999998
0,1.6840000000000002,0,20,-0.6999999999999997
1,2.652,0,20,-0.6999999999999997
0,1.781,0,20,-0.6999999999999997
0,1.409,0,20,-0.6999999999999997
0,2.028,0,20,-0.6999999999999997
0,1.993,0,20,-0.6999999999999997
1,1.46,0,20,-0.6999999999999997
0,1.287,0,20,-0.6999999999999997
0,1.395,0,20,-0.6999999999999997
0,1.707,0,20,-0.6999999999999997
0,1.729,0,20,-0.09999999999999963
1,1.617,0,20,-0.09999999999999963
1,1.984,0,20,-0.09999999999999963
0,1.773,0,20,-0.09999999999999963
0,1.7380000000000002,0,20,-0.09999999999999963
1,1.489,0,20,-0.09999999999999963
1,1.243,0,20,-0.09999999999999963
0,2.194,0,20,-0.09999999999999963
0,1.804,0,20,-0.09999999999999963
0,1.994,0,20,-0.09999999999999963
0,1.763,0,20,0.1
1,1.824,0,20,0.1
0,1.685,0,20,0.1
0,1.325,0,20,0.1
1,2.778,0,20,0.1
1,1.585,0,20,0.1
0,1.6740000000000002,0,20,0.1
1,2.138,0,20,0.1
0,2.108,0,20,0.1
0,2.19,0,20,0.1
0,1.187,0,20,0.7
0,1.281,0,20,0.7
1,1.485,0,20,0.7
1,1.852,0,20,0.7
0,1.942,0,20,0.7
1,1.7819999999999998,0,20,0.7
1,1.909,0,20,0.7
1,2.005,0,20,0.7
1,2.158,0,20,0.7
0,1.275,0,20,0.7
1,2.654,0,20,1.3
1,1.625,0,20,1.3
1,1.918,0,20,1.3
1,1.3019999999999998,0,20,1.3
1,1.942,0,20,1.3
1,2.224,0,20,1.3
1,1.45,0,20,1.3
1,1.3130000000000002,0,20,1.3
1,2.149,0,20,1.3
1,2.59,0,20,1.3
1,1.232,0,20,1.9
1,1.588,0,20,1.9
1,1.382,0,20,1.9
1,1.4240000000000002,0,20,1.9
1,1.374,0,20,1.9
1,2.503,0,20,1.9
1,1.259,0,20,1.9
1,1.804,0,20,1.9
1,1.76,0,20,1.9
1,2.506,0,20,1.9
1,2.2030000000000003,0,20,2.5
1,1.943,0,20,2.5
1,1.649,0,20,2.5
1,1.46,0,20,2.5
1,2.863,0,20,2.5
1,1.883,0,20,2.5
1,1.233,0,20,2.5
1,1.476,0,20,2.5
1,1.466,0,20,2.5
1,1.753,0,20,2.5
0,1.529,50,20,-3.5
0,2.124,50,20,-3.5
0,2.359,50,20,-3.5
0,1.724,50,20,-3.5
0,1.151,50,20,-3.5
0,1.673,50,20,-3.5
0,1.751,50,20,-3.5
0,1.285,50,20,-3.5
0,1.354,50,20,-3.5
0,1.349,50,20,-3.5
0,2.202,50,20,-2.675
0,2.087,50,20,-2.675
0,1.876,50,20,-2.675
0,1.293,50,20,-2.675
0,1.597,50,20,-2.675
0,1.41,50,20,-2.675
0,1.685,50,20,-2.675
0,1.942,50,20,-2.675
0,1.301,50,20,-2.675
0,1.628,50,20,-2.675
0,2.437,50,20,-1.85
0,3.604,50,20,-1.85
0,1.77,50,20,-1.85
0,1.45,50,20,-1.85
0,2.172,50,20,-1.85
0,2.777,50,20,-1.85
0,1.548,50,20,-1.85
0,1.6969999999999998,50,20,-1.85
0,1.759,50,20,-1.85
0,1.621,50,20,-1.85
0,2.212,50,20,-1.0249999999999997
0,1.584,50,20,-1.0249999999999997
0,1.3730000000000002,50,20,-1.0249999999999997
0,1.213,50,20,-1.0249999999999997
0,1.391,50,20,-1.0249999999999997
0,2.196,50,20,-1.0249999999999997
1,1.539,50,20,-1.0249999999999997
0,1.472,50,20,-1.0249999999999997
0,1.749,50,20,-1.0249999999999997
0,1.6230000000000002,50,20,-1.0249999999999997
1,2.7510000000000003,50,20,-0.1999999999999993
1,2.212,50,20,-0.1999999999999993
0,1.803,50,20,-0.1999999999999993
1,1.547,50,20,-0.1999999999999993
0,2.02,50,20,-0.1999999999999993
0,1.497,50,20,-0.1999999999999993
0,1.352,50,20,-0.1999999999999993
1,1.6269999999999998,50,20,-0.1999999999999993
1,1.916,50,20,-0.1999999999999993
1,1.534,50,20,-0.1999999999999993
1,1.319,50,20,0.2
1,4.342,50,20,0.2
0,1.854,50,20,0.2
0,2.113,50,20,0.2
0,2.776,50,20,0.2
1,1.935,50,20,0.2
1,1.666,50,20,0.2
1,1.18,50,20,0.2
1,1.395,50,20,0.2
1,1.602,50,20,0.2
1,1.0490000000000002,50,20,1.025
1,1.44,50,20,1.025
1,1.39,50,20,1.025
1,1.476,50,20,1.025
1,2.05,50,20,1.025
1,1.383,50,20,1.025
0,3.1710000000000003,50,20,1.025
1,1.765,50,20,1.025
1,1.561,50,20,1.025
1,2.595,50,20,1.025
1,2.469,50,20,1.85
1,1.586,50,20,1.85
1,2.904,50,20,1.85
1,3.563,50,20,1.85
1,1.662,50,20,1.85
1,2.115,50,20,1.85
1,1.766,50,20,1.85
1,2.483,50,20,1.85
1,1.443,50,20,1.85
1,1.482,50,20,1.85
1,2.055,50,20,2.675
1,1.818,50,20,2.675
1,1.528,50,20,2.675
1,2.152,50,20,2.675
0,1.332,50,20,2.675
1,2.143,50,20,2.675
1,1.793,50,20,2.675
1,1.315,50,20,2.675
1,2.7710000000000004,50,20,2.675
1,1.475,50,20,2.675
1,1.5719999999999998,50,20,3.5
1,1.1,50,20,3.5
1,1.531,50,20,3.5
1,1.406,50,20,3.5
1,1.234,50,20,3.5
1,1.973,50,20,3.5
1,1.5219999999999998,50,20,3.5
1,1.217,50,20,3.5
1,1.544,50,20,3.5
1,1.449,50,20,3.5
0,1.707,100,20,-4.5
0,2.122,100,20,-4.5
0,1.295,100,20,-4.5
0,2.05,100,20,-4.5
0,1.296,100,20,-4.5
0,1.681,100,20,-4.5
0,1.5219999999999998,100,20,-4.5
0,1.176,100,20,-4.5
0,1.272,100,20,-4.5
0,1.619,100,20,-4.5
0,1.359,100,20,-3.425
0,2.195,100,20,-3.425
0,3.841,100,20,-3.425
0,1.894,100,20,-3.425
0,1.821,100,20,-3.425
0,1.515,100,20,-3.425
0,1.329,100,20,-3.425
0,1.646,100,20,-3.425
0,1.634,100,20,-3.425
0,1.381,100,20,-3.425
0,1.852,100,20,-2.35
0,1.375,100,20,-2.35
0,2.373,100,20,-2.35
0,1.506,100,20,-2.35
0,1.442,100,20,-2.35
0,1.879,100,20,-2.35
0,1.806,100,20,-2.35
0,1.617,100,20,-2.35
0,1.835,100,20,-2.35
0,2.13,100,20,-2.35
0,3.335,100,20,-1.2749999999999997
0,2.292,100,20,-1.2749999999999997
1,2.651,100,20,-1.2749999999999997
0,4.882,100,20,-1.2749999999999997
0,1.66,100,20,-1.2749999999999997
0,2.174,100,20,-1.2749999999999997
0,1.315,100,20,-1.2749999999999997
0,1.758,100,20,-1.2749999999999997
0,1.765,100,20,-1.2749999999999997
0,1.53,100,20,-1.2749999999999997
1,1.349,100,20,-0.1999999999999993
1,2.619,100,20,-0.1999999999999993
0,2.365,100,20,-0.1999999999999993
0,2.278,100,20,-0.1999999999999993
0,1.545,100,20,-0.1999999999999993
0,1.957,100,20,-0.1999999999999993
1,1.385,100,20,-0.1999999999999993
0,1.656,100,20,-0.1999999999999993
1,1.839,100,20,-0.1999999999999993
1,1.867,100,20,-0.1999999999999993
0,2.622,100,20,0.2
0,1.635,100,20,0.2
1,1.916,100,20,0.2
0,2.522,100,20,0.2
0,2.86,100,20,0.2
1,2.073,100,20,0.2
0,1.978,100,20,0.2
1,2.384,100,20,0.2
1,2.904,100,20,0.2
0,1.234,100,20,0.2
1,1.616,100,20,1.275
1,1.968,100,20,1.275
1,1.816,100,20,1.275
1,1.947,100,20,1.275
1,2.232,100,20,1.275
0,2.685,100,20,1.275
1,2.312,100,20,1.275
1,1.633,100,20,1.275
1,2.012,100,20,1.275
1,2.412,100,20,1.275
1,1.756,100,20,2.35
1,1.776,100,20,2.35
1,2.734,100,20,2.35
0,1.26,100,20,2.35
1,2.061,100,20,2.35
1,1.254,100,20,2.35
1,1.151,100,20,2.35
1,2.236,100,20,2.35
1,1.291,100,20,2.35
1,1.773,100,20,2.35
1,2.682,100,20,3.425
1,1.882,100,20,3.425
1,1.915,100,20,3.425
1,1.817,100,20,3.425
1,1.557,100,20,3.425
0,1.856,100,20,3.425
1,2.088,100,20,3.425
1,1.266,100,20,3.425
1,1.575,100,20,3.425
1,1.514,100,20,3.425
1,1.587,100,20,4.5
1,1.635,100,20,4.5
1,1.643,100,20,4.5
1,1.569,100,20,4.5
1,1.76,100,20,4.5
1,1.761,100,20,4.5
1,1.405,100,20,4.5
1,1.761,100,20,4.5
1,1.551,100,20,4.5
1,1.404,100,20,4.5
0,2.188,150,20,-5.5
0,1.466,150,20,-5.5
0,2.069,150,20,-5.5
0,1.4580000000000002,150,20,-5.5
0,1.741,150,20,-5.5
0,1.256,150,20,-5.5
0,1.3869999999999998,150,20,-5.5
0,1.12,150,20,-5.5
0,1.173,150,20,-5.5
0,1.4980000000000002,150,20,-5.5
0,1.517,150,20,-4.175
0,1.591,150,20,-4.175
0,2.563,150,20,-4.175
0,1.344,150,20,-4.175
0,1.68,150,20,-4.175
0,1.863,150,20,-4.175
0,1.71,150,20,-4.175
0,1.283,150,20,-4.175
0,1.83,150,20,-4.175
0,1.617,150,20,-4.175
0,1.838,150,20,-2.85
0,2.557,150,20,-2.85
0,1.73,150,20,-2.85
0,1.689,150,20,-2.85
0,1.264,150,20,-2.85
0,1.976,150,20,-2.85
0,1.551,150,20,-2.85
0,1.306,150,20,-2.85
0,2.4130000000000003,150,20,-2.85
0,1.626,150,20,-2.85
0,1.7009999999999998,150,20,-1.5249999999999997
0,2.006,150,20,-1.5249999999999997
0,1.564,150,20,-1.5249999999999997
0,1.364,150,20,-1.5249999999999997
0,1.4,150,20,-1.5249999999999997
0,2.305,150,20,-1.5249999999999997
0,1.462,150,20,-1.5249999999999997
0,1.68,150,20,-1.5249999999999997
0,2.1590000000000003,150,20,-1.5249999999999997
0,1.62,150,20,-1.5249999999999997
0,1.531,150,20,-0.1999999999999993
1,1.602,150,20,-0.1999999999999993
1,1.798,150,20,-0.1999999999999993
1,1.284,150,20,-0.1999999999999993
0,1.099,150,20,-0.1999999999999993
0,1.644,150,20,-0.1999999999999993
1,1.29,150,20,-0.1999999999999993
0,1.7009999999999998,150,20,-0.1999999999999993
0,2.571,150,20,-0.1999999999999993
1,2.954,150,20,-0.1999999999999993
1,1.6740000000000002,150,20,0.2
0,1.188,150,20,0.2
1,2.693,150,20,0.2
1,4.0360000000000005,150,20,0.2
0,2.756,150,20,0.2
1,1.642,150,20,0.2
1,1.205,150,20,0.2
1,1.91,150,20,0.2
1,2.181,150,20,0.2
1,2.388,150,20,0.2
1,1.5519999999999998,150,20,1.525
1,1.4369999999999998,150,20,1.525
1,2.0580000000000003,150,20,1.525
1,1.284,150,20,1.525
1,1.255,150,20,1.525
1,1.908,150,20,1.525
0,2.445,150,20,1.525
1,1.5659999999999998,150,20,1.525
1,0.294,150,20,1.525
1,1.685,150,20,1.525
1,1.501,150,20,2.85
1,1.885,150,20,2.85
1,1.396,150,20,2.85
1,2.749,150,20,2.85
1,1.586,150,20,2.85
0,1.895,150,20,2.85
1,1.713,150,20,2.85
1,1.543,150,20,2.85
1,1.851,150,20,2.85
1,2.117,150,20,2.85
1,2.756,150,20,4.175
1,1.653,150,20,4.175
1,1.876,150,20,4.175
1,1.54,150,20,4.175
1,1.619,150,20,4.175
1,1.676,150,20,4.175
1,1.21,150,20,4.175
1,1.632,150,20,4.175
1,1.233,150,20,4.175
1,2.036,150,20,4.175
1,2.077,150,20,5.5
1,1.79,150,20,5.5
1,2.1590000000000003,150,20,5.5
1,1.764,150,20,5.5
1,1.3530000000000002,150,20,5.5
1,1.5930000000000002,150,20,5.5
1,1.856,150,20,5.5
1,1.238,150,20,5.5
1,1.704,150,20,5.5
1,1.734,150,20,5.5
0,4.771,200,20,-6.5
0,1.539,200,20,-6.5
0,1.591,200,20,-6.5
0,2.842,200,20,-6.5
0,1.699,200,20,-6.5
0,1.349,200,20,-6.5
0,1.517,200,20,-6.5
0,1.663,200,20,-6.5
0,1.877,200,20,-6.5
0,1.244,200,20,-6.5
0,1.574,200,20,-4.925
0,2.835,200,20,-4.925
0,1.509,200,20,-4.925
0,2.0980000000000003,200,20,-4.925
0,1.15,200,20,-4.925
0,1.6269999999999998,200,20,-4.925
0,1.445,200,20,-4.925
0,1.432,200,20,-4.925
0,2.0,200,20,-4.925
0,1.436,200,20,-4.925
0,1.492,200,20,-3.35
0,2.072,200,20,-3.35
0,3.617,200,20,-3.35
0,1.551,200,20,-3.35
0,1.28,200,20,-3.35
0,1.589,200,20,-3.35
0,1.547,200,20,-3.35
0,1.699,200,20,-3.35
0,1.81,200,20,-3.35
0,1.35,200,20,-3.35
0,2.068,200,20,-1.7749999999999997
0,1.6369999999999998,200,20,-1.7749999999999997
0,2.576,200,20,-1.7749999999999997
0,2.018,200,20,-1.7749999999999997
0,1.922,200,20,-1.7749999999999997
0,2.503,200,20,-1.7749999999999997
0,1.705,200,20,-1.7749999999999997
0,1.3130000000000002,200,20,-1.7749999999999997
0,2.31,200,20,-1.7749999999999997
0,2.189,200,20,-1.7749999999999997
0,1.7480000000000002,200,20,-0.1999999999999993
0,2.461,200,20,-0.1999999999999993
1,3.008,200,20,-0.1999999999999993
0,1.88,200,20,-0.1999999999999993
0,1.766,200,20,-0.1999999999999993
1,2.049,200,20,-0.1999999999999993
1,2.582,200,20,-0.1999999999999993
0,1.74,200,20,-0.1999999999999993
1,1.5419999999999998,200,20,-0.1999999999999993
1,2.006,200,20,-0.1999999999999993
1,2.227,200,20,0.2
1,2.0340000000000003,200,20,0.2
1,2.7260000000000004,200,20,0.2
0,2.219,200,20,0.2
1,2.117,200,20,0.2
0,2.17,200,20,0.2
0,1.7519999999999998,200,20,0.2
1,1.5490000000000002,200,20,0.2
1,2.997,200,20,0.2
1,1.301,200,20,0.2
1,1.864,200,20,1.775
1,1.749,200,20,1.775
1,1.896,200,20,1.775
1,2.06,200,20,1.775
1,1.895,200,20,1.775
1,1.27,200,20,1.775
1,2.155,200,20,1.775
1,1.872,200,20,1.775
1,2.117,200,20,1.775
0,1.781,200,20,1.775
0,1.67,200,20,3.35
1,1.55,200,20,3.35
1,1.5519999999999998,200,20,3.35
1,1.888,200,20,3.35
1,1.869,200,20,3.35
0,1.739,200,20,3.35
1,1.849,200,20,3.35
1,1.419,200,20,3.35
1,1.5119999999999998,200,20,3.35
1,1.932,200,20,3.35
1,1.596,200,20,4.925
1,2.027,200,20,4.925
1,1.7719999999999998,200,20,4.925
1,1.79,200,20,4.925
1,1.6569999999999998,200,20,4.925
1,1.356,200,20,4.925
1,1.5490000000000002,200,20,4.925
1,1.188,200,20,4.925
1,1.5619999999999998,200,20,4.925
1,1.485,200,20,4.925
1,1.787,200,20,6.5
1,1.951,200,20,6.5
1,1.989,200,20,6.5
1,1.504,200,20,6.5
1,1.848,200,20,6.5
1,1.147,200,20,6.5
1,2.148,200,20,6.5
1,1.694,200,20,6.5
1,1.579,200,20,6.5
1,1.256,200,20,6.5
0,1.819,0,30,-3.5
0,1.784,0,30,-3.5
0,1.334,0,30,-3.5
0,1.252,0,30,-3.5
0,1.245,0,30,-3.5
0,2.099,0,30,-3.5
0,1.587,0,30,-3.5
0,1.805,0,30,-3.5
0,1.359,0,30,-3.5
0,2.136,0,30,-3.5
0,1.385,0,30,-2.675
0,1.869,0,30,-2.675
0,2.07,0,30,-2.675
0,1.334,0,30,-2.675
0,2.365,0,30,-2.675
0,1.298,0,30,-2.675
0,1.83,0,30,-2.675
0,1.4680000000000002,0,30,-2.675
0,1.71,0,30,-2.675
0,1.099,0,30,-2.675
0,1.65,0,30,-1.85
0,1.745,0,30,-1.85
0,3.573,0,30,-1.85
0,2.185,0,30,-1.85
0,1.5519999999999998,0,30,-1.85
0,1.7819999999999998,0,30,-1.85
0,0.524,0,30,-1.85
0,1.105,0,30,-1.85
0,1.582,0,30,-1.85
0,1.757,0,30,-1.85
1,2.178,0,30,-1.0249999999999997
1,2.114,0,30,-1.0249999999999997
0,1.833,0,30,-1.0249999999999997
0,3.153,0,30,-1.0249999999999997
0,1.03,0,30,-1.0249999999999997
0,1.0759999999999998,0,30,-1.0249999999999997
0,1.136,0,30,-1.0249999999999997
0,1.663,0,30,-1.0249999999999997
0,1.366,0,30,-1.0249999999999997
0,1.555,0,30,-1.0249999999999997
0,2.369,0,30,-0.1999999999999993
1,1.884,0,30,-0.1999999999999993
1,1.317,0,30,-0.1999999999999993
1,1.628,0,30,-0.1999999999999993
0,2.014,0,30,-0.1999999999999993
1,1.96,0,30,-0.1999999999999993
0,1.239,0,30,-0.1999999999999993
1,1.7819999999999998,0,30,-0.1999999999999993
0,2.574,0,30,-0.1999999999999993
1,1.875,0,30,-0.1999999999999993
0,1.969,0,30,0.2
1,2.441,0,30,0.2
1,1.341,0,30,0.2
1,1.845,0,30,0.2
0,1.5759999999999998,0,30,0.2
0,2.55,0,30,0.2
0,2.474,0,30,0.2
1,1.825,0,30,0.2
1,1.505,0,30,0.2
1,2.458,0,30,0.2
1,2.001,0,30,1.025
1,2.0,0,30,1.025
0,2.149,0,30,1.025
1,1.137,0,30,1.025
1,1.365,0,30,1.025
1,1.258,0,30,1.025
0,1.695,0,30,1.025
1,1.825,0,30,1.025
1,1.653,0,30,1.025
1,1.635,0,30,1.025
1,1.4240000000000002,0,30,1.85
0,1.503,0,30,1.85
1,1.619,0,30,1.85
1,1.288,0,30,1.85
1,1.36,0,30,1.85
1,1.416,0,30,1.85
1,1.5930000000000002,0,30,1.85
1,1.651,0,30,1.85
1,1.069,0,30,1.85
1,2.234,0,30,1.85
1,1.204,0,30,2.675
1,1.278,0,30,2.675
1,1.408,0,30,2.675
1,1.433,0,30,2.675
1,1.902,0,30,2.675
1,1.621,0,30,2.675
1,1.493,0,30,2.675
1,1.178,0,30,2.675
1,1.655,0,30,2.675
1,1.537,0,30,2.675
1,1.67,0,30,3.5
1,2.28,0,30,3.5
1,1.622,0,30,3.5
1,1.487,0,30,3.5
1,1.325,0,30,3.5
1,1.834,0,30,3.5
1,1.589,0,30,3.5
1,1.276,0,30,3.5
1,2.672,0,30,3.5
1,1.365,0,30,3.5
0,1.369,50,30,-4.0
0,1.617,50,30,-4.0
0,1.509,50,30,-4.0
0,1.462,50,30,-4.0
0,1.495,50,30,-4.0
0,2.464,50,30,-4.0
0,1.513,50,30,-4.0
0,1.244,50,30,-4.0
0,1.924,50,30,-4.0
0,1.591,50,30,-4.0
0,1.7719999999999998,50,30,-3.075
0,1.271,50,30,-3.075
0,1.709,50,30,-3.075
0,1.37,50,30,-3.075
0,1.493,50,30,-3.075
0,1.491,50,30,-3.075
0,1.636,50,30,-3.075
0,1.405,50,30,-3.075
0,2.428,50,30,-3.075
0,1.266,50,30,-3.075
0,8.529,50,30,-2.1500000000000004
0,1.714,50,30,-2.1500000000000004
0,2.073,50,30,-2.1500000000000004
0,1.907,50,30,-2.1500000000000004
0,1.74,50,30,-2.1500000000000004
0,1.927,50,30,-2.1500000000000004
0,1.94,50,30,-2.1500000000000004
0,1.64,50,30,-2.1500000000000004
0,1.641,50,30,-2.1500000000000004
0,1.869,50,30,-2.1500000000000004
1,2.2,50,30,-1.2250000000000003
0,1.842,50,30,-1.2250000000000003
1,1.757,50,30,-1.2250000000000003
0,1.54,50,30,-1.2250000000000003
0,1.646,50,30,-1.2250000000000003
0,2.1,50,30,-1.2250000000000003
0,1.663,50,30,-1.2250000000000003
1,1.694,50,30,-1.2250000000000003
0,1.4880000000000002,50,30,-1.2250000000000003
0,1.901,50,30,-1.2250000000000003
1,1.321,50,30,-0.3000000000000007
1,1.783,50,30,-0.3000000000000007
0,1.626,50,30,-0.3000000000000007
1,1.922,50,30,-0.3000000000000007
1,1.626,50,30,-0.3000000000000007
0,1.827,50,30,-0.3000000000000007
0,1.968,50,30,-0.3000000000000007
1,1.838,50,30,-0.3000000000000007
0,1.666,50,30,-0.3000000000000007
0,1.829,50,30,-0.3000000000000007
1,1.744,50,30,0.3
0,2.338,50,30,0.3
0,2.076,50,30,0.3
0,3.187,50,30,0.3
1,1.702,50,30,0.3
0,1.482,50,30,0.3
0,1.558,50,30,0.3
0,1.355,50,30,0.3
1,2.002,50,30,0.3
1,1.629,50,30,0.3
1,1.531,50,30,1.225
1,1.857,50,30,1.225
1,1.71,50,30,1.225
1,2.317,50,30,1.225
1,1.944,50,30,1.225
1,1.973,50,30,1.225
1,1.883,50,30,1.225
0,2.595,50,30,1.225
1,1.477,50,30,1.225
1,2.061,50,30,1.225
1,3.716,50,30,2.15
1,2.755,50,30,2.15
1,1.39,50,30,2.15
1,1.831,50,30,2.15
1,1.634,50,30,2.15
1,2.011,50,30,2.15
1,1.513,50,30,2.15
1,1.462,50,30,2.15
1,1.465,50,30,2.15
1,1.652,50,30,2.15
1,1.689,50,30,3.075
1,3.841,50,30,3.075
1,1.511,50,30,3.075
1,1.986,50,30,3.075
1,1.206,50,30,3.075
1,1.469,50,30,3.075
1,1.4369999999999998,50,30,3.075
1,1.4780000000000002,50,30,3.075
1,2.107,50,30,3.075
1,2.095,50,30,3.075
1,1.119,50,30,4.0
1,1.418,50,30,4.0
1,1.4509999999999998,50,30,4.0
1,1.804,50,30,4.0
1,1.521,50,30,4.0
1,1.993,50,30,4.0
1,1.837,50,30,4.0
1,1.382,50,30,4.0
1,1.4980000000000002,50,30,4.0
1,1.406,50,30,4.0
0,2.044,100,30,-5.0
0,3.327,100,30,-5.0
0,1.365,100,30,-5.0
0,1.453,100,30,-5.0
0,1.6369999999999998,100,30,-5.0
0,1.867,100,30,-5.0
0,1.341,100,30,-5.0
0,1.4680000000000002,100,30,-5.0
0,1.6130000000000002,100,30,-5.0
0,1.136,100,30,-5.0
0,1.834,100,30,-3.825
0,1.886,100,30,-3.825
0,1.928,100,30,-3.825
0,1.783,100,30,-3.825
0,1.659,100,30,-3.825
0,1.205,100,30,-3.825
0,1.596,100,30,-3.825
0,1.963,100,30,-3.825
0,1.295,100,30,-3.825
0,1.359,100,30,-3.825
0,1.936,100,30,-2.6500000000000004
0,2.083,100,30,-2.6500000000000004
0,1.635,100,30,-2.6500000000000004
0,1.5630000000000002,100,30,-2.6500000000000004
0,1.111,100,30,-2.6500000000000004
0,1.794,100,30,-2.6500000000000004
0,1.675,100,30,-2.6500000000000004
0,1.297,100,30,-2.6500000000000004
0,1.774,100,30,-2.6500000000000004
0,1.649,100,30,-2.6500000000000004
0,1.797,100,30,-1.4750000000000003
0,1.471,100,30,-1.4750000000000003
1,3.139,100,30,-1.4750000000000003
0,1.965,100,30,-1.4750000000000003
0,1.759,100,30,-1.4750000000000003
0,1.49,100,30,-1.4750000000000003
0,1.797,100,30,-1.4750000000000003
0,1.577,100,30,-1.4750000000000003
0,1.22,100,30,-1.4750000000000003
1,2.0580000000000003,100,30,-1.4750000000000003
1,2.35,100,30,-0.3000000000000007
0,2.319,100,30,-0.3000000000000007
0,1.739,100,30,-0.3000000000000007
1,2.195,100,30,-0.3000000000000007
0,2.469,100,30,-0.3000000000000007
1,1.395,100,30,-0.3000000000000007
1,1.771,100,30,-0.3000000000000007
0,2.42,100,30,-0.3000000000000007
0,2.458,100,30,-0.3000000000000007
0,2.323,100,30,-0.3000000000000007
1,2.027,100,30,0.3
1,1.48,100,30,0.3
0,2.123,100,30,0.3
1,2.488,100,30,0.3
1,2.2230000000000003,100,30,0.3
1,1.523,100,30,0.3
0,2.187,100,30,0.3
1,2.324,100,30,0.3
0,1.26,100,30,0.3
0,1.401,100,30,0.3
1,1.63,100,30,1.475
1,2.06,100,30,1.475
1,1.574,100,30,1.475
0,1.472,100,30,1.475
1,1.835,100,30,1.475
0,1.586,100,30,1.475
1,1.279,100,30,1.475
1,2.698,100,30,1.475
1,1.398,100,30,1.475
0,2.235,100,30,1.475
1,1.57,100,30,2.65
1,1.4069999999999998,100,30,2.65
1,1.606,100,30,2.65
1,1.723,100,30,2.65
1,1.759,100,30,2.65
0,2.283,100,30,2.65
1,1.683,100,30,2.65
1,1.386,100,30,2.65
1,1.346,100,30,2.65
1,1.675,100,30,2.65
1,1.665,100,30,3.825
1,1.508,100,30,3.825
1,1.354,100,30,3.825
1,1.682,100,30,3.825
1,1.456,100,30,3.825
1,1.355,100,30,3.825
1,1.528,100,30,3.825
1,2.402,100,30,3.825
1,1.368,100,30,3.825
1,1.812,100,30,3.825
1,1.639,100,30,5.0
1,1.103,100,30,5.0
1,2.096,100,30,5.0
1,1.7990000000000002,100,30,5.0
1,1.3730000000000002,100,30,5.0
1,2.346,100,30,5.0
1,1.747,100,30,5.0
1,1.801,100,30,5.0
1,1.403,100,30,5.0
1,1.571,100,30,5.0
0,1.656,150,30,-6.0
0,1.78,150,30,-6.0
0,2.388,150,30,-6.0
0,1.587,150,30,-6.0
0,1.666,150,30,-6.0
0,1.584,150,30,-6.0
0,1.73,150,30,-6.0
0,1.633,150,30,-6.0
0,1.291,150,30,-6.0
0,2.246,150,30,-6.0
0,1.809,150,30,-4.575
0,1.39,150,30,-4.575
0,1.975,150,30,-4.575
0,1.6840000000000002,150,30,-4.575
0,1.702,150,30,-4.575
0,1.449,150,30,-4.575
0,1.787,150,30,-4.575
0,1.235,150,30,-4.575
0,1.494,150,30,-4.575
0,1.5590000000000002,150,30,-4.575
0,2.777,150,30,-3.1500000000000004
0,2.375,150,30,-3.1500000000000004
0,1.534,150,30,-3.1500000000000004
0,1.4480000000000002,150,30,-3.1500000000000004
0,1.217,150,30,-3.1500000000000004
0,1.153,150,30,-3.1500000000000004
0,1.5419999999999998,150,30,-3.1500000000000004
0,1.511,150,30,-3.1500000000000004
0,1.212,150,30,-3.1500000000000004
0,2.07,150,30,-3.1500000000000004
0,2.037,150,30,-1.7250000000000003
0,2.536,150,30,-1.7250000000000003
0,1.833,150,30,-1.7250000000000003
0,1.6669999999999998,150,30,-1.7250000000000003
1,2.132,150,30,-1.7250000000000003
0,1.717,150,30,-1.7250000000000003
0,1.802,150,30,-1.7250000000000003
0,1.321,150,30,-1.7250000000000003
0,1.765,150,30,-1.7250000000000003
0,1.664,150,30,-1.7250000000000003
0,2.815,150,30,-0.3000000000000007
1,2.716,150,30,-0.3000000000000007
0,2.454,150,30,-0.3000000000000007
1,1.965,150,30,-0.3000000000000007
1,2.128,150,30,-0.3000000000000007
0,1.408,150,30,-0.3000000000000007
1,1.371,150,30,-0.3000000000000007
0,1.93,150,30,-0.3000000000000007
1,1.4269999999999998,150,30,-0.3000000000000007
0,2.446,150,30,-0.3000000000000007
0,3.89,150,30,0.3
0,2.924,150,30,0.3
1,2.049,150,30,0.3
1,1.577,150,30,0.3
0,2.557,150,30,0.3
0,2.559,150,30,0.3
1,1.344,150,30,0.3
1,2.96,150,30,0.3
1,2.484,150,30,0.3
0,1.237,150,30,0.3
1,1.4280000000000002,150,30,1.725
1,1.594,150,30,1.725
1,1.225,150,30,1.725
1,1.911,150,30,1.725
1,2.1180000000000003,150,30,1.725
1,2.251,150,30,1.725
1,1.324,150,30,1.725
1,1.6669999999999998,150,30,1.725
1,1.706,150,30,1.725
1,1.727,150,30,1.725
1,2.182,150,30,3.15
1,1.225,150,30,3.15
1,1.91,150,30,3.15
1,1.84,150,30,3.15
1,2.158,150,30,3.15
1,1.761,150,30,3.15
1,2.517,150,30,3.15
1,1.759,150,30,3.15
1,1.426,150,30,3.15
1,1.4409999999999998,150,30,3.15
1,2.253,150,30,4.575
1,1.198,150,30,4.575
1,2.228,150,30,4.575
1,1.938,150,30,4.575
1,1.653,150,30,4.575
1,1.334,150,30,4.575
1,1.479,150,30,4.575
1,1.569,150,30,4.575
1,1.38,150,30,4.575
1,1.7819999999999998,150,30,4.575
1,1.561,150,30,6.0
1,1.6569999999999998,150,30,6.0
1,1.398,150,30,6.0
1,1.217,150,30,6.0
1,1.758,150,30,6.0
1,1.285,150,30,6.0
0,1.58,150,30,6.0
1,1.47,150,30,6.0
1,1.533,150,30,6.0
1,1.334,150,30,6.0
0,1.457,200,30,-7.0
0,1.959,200,30,-7.0
0,1.879,200,30,-7.0
0,1.843,200,30,-7.0
0,1.642,200,30,-7.0
0,1.375,200,30,-7.0
0,1.763,200,30,-7.0
0,1.2990000000000002,200,30,-7.0
0,1.141,200,30,-7.0
0,1.57,200,30,-7.0
0,2.254,200,30,-5.325
0,2.016,200,30,-5.325
0,1.919,200,30,-5.325
0,1.648,200,30,-5.325
0,1.484,200,30,-5.325
0,1.418,200,30,-5.325
0,1.158,200,30,-5.325
0,1.633,200,30,-5.325
0,1.673,200,30,-5.325
0,1.971,200,30,-5.325
0,2.035,200,30,-3.65
0,3.127,200,30,-3.65
0,1.988,200,30,-3.65
0,1.679,200,30,-3.65
0,1.673,200,30,-3.65
0,2.079,200,30,-3.65
0,1.729,200,30,-3.65
0,2.36,200,30,-3.65
0,1.182,200,30,-3.65
0,1.707,200,30,-3.65
0,1.5,200,30,-1.9750000000000003
0,1.526,200,30,-1.9750000000000003
0,2.01,200,30,-1.9750000000000003
0,2.649,200,30,-1.9750000000000003
0,1.4580000000000002,200,30,-1.9750000000000003
1,1.938,200,30,-1.9750000000000003
0,1.78,200,30,-1.9750000000000003
0,1.913,200,30,-1.9750000000000003
0,1.45,200,30,-1.9750000000000003
0,2.843,200,30,-1.9750000000000003
0,1.853,200,30,-0.3000000000000007
0,2.7460000000000004,200,30,-0.3000000000000007
1,1.506,200,30,-0.3000000000000007
0,1.983,200,30,-0.3000000000000007
0,2.027,200,30,-0.3000000000000007
0,1.499,200,30,-0.3000000000000007
1,1.1840000000000002,200,30,-0.3000000000000007
1,1.7990000000000002,200,30,-0.3000000000000007
1,1.817,200,30,-0.3000000000000007
0,2.422,200,30,-0.3000000000000007
1,2.296,200,30,0.3
1,1.935,200,30,0.3
1,3.093,200,30,0.3
1,1.6569999999999998,200,30,0.3
0,2.742,200,30,0.3
0,1.88,200,30,0.3
1,1.598,200,30,0.3
0,1.656,200,30,0.3
0,4.73,200,30,0.3
1,1.641,200,30,0.3
1,2.421,200,30,1.975
1,1.6269999999999998,200,30,1.975
1,1.723,200,30,1.975
1,2.073,200,30,1.975
1,1.832,200,30,1.975
1,1.935,200,30,1.975
1,2.71,200,30,1.975
1,2.331,200,30,1.975
1,1.388,200,30,1.975
0,2.5580000000000003,200,30,1.975
1,2.117,200,30,3.65
1,2.053,200,30,3.65
1,1.614,200,30,3.65
1,1.175,200,30,3.65
1,2.756,200,30,3.65
1,1.841,200,30,3.65
1,2.064,200,30,3.65
1,1.628,200,30,3.65
1,1.805,200,30,3.65
1,1.94,200,30,3.65
1,1.783,200,30,5.325
1,1.7480000000000002,200,30,5.325
1,2.448,200,30,5.325
1,2.142,200,30,5.325
1,1.821,200,30,5.325
1,2.219,200,30,5.325
1,1.442,200,30,5.325
1,1.831,200,30,5.325
1,1.4880000000000002,200,30,5.325
1,2.418,200,30,5.325
1,3.111,200,30,7.0
1,1.328,200,30,7.0
1,1.365,200,30,7.0
1,1.462,200,30,7.0
1,1.233,200,30,7.0
1,1.6740000000000002,200,30,7.0
1,1.706,200,30,7.0
1,1.808,200,30,7.0
1,1.547,200,30,7.0
1,1.55,200,30,7.0
0,1.529,0,40,-4.0
0,1.51,0,40,-4.0
0,1.098,0,40,-4.0
0,1.848,0,40,-4.0
0,1.629,0,40,-4.0
0,1.564,0,40,-4.0
0,1.196,0,40,-4.0
0,1.528,0,40,-4.0
0,1.771,0,40,-4.0
0,1.646,0,40,-4.0
0,1.751,0,40,-3.075
0,1.702,0,40,-3.075
0,1.695,0,40,-3.075
0,1.574,0,40,-3.075
0,1.893,0,40,-3.075
0,2.116,0,40,-3.075
0,1.874,0,40,-3.075
0,1.253,0,40,-3.075
0,1.625,0,40,-3.075
0,2.144,0,40,-3.075
0,2.117,0,40,-2.1500000000000004
0,2.11,0,40,-2.1500000000000004
0,2.312,0,40,-2.1500000000000004
0,1.172,0,40,-2.1500000000000004
0,1.918,0,40,-2.1500000000000004
0,1.556,0,40,-2.1500000000000004
0,1.653,0,40,-2.1500000000000004
0,1.591,0,40,-2.1500000000000004
0,1.336,0,40,-2.1500000000000004
0,1.443,0,40,-2.1500000000000004
1,1.545,0,40,-1.2250000000000003
1,1.557,0,40,-1.2250000000000003
0,1.396,0,40,-1.2250000000000003
0,1.554,0,40,-1.2250000000000003
1,2.168,0,40,-1.2250000000000003
1,1.375,0,40,-1.2250000000000003
1,1.6369999999999998,0,40,-1.2250000000000003
0,1.042,0,40,-1.2250000000000003
0,1.732,0,40,-1.2250000000000003
0,1.392,0,40,-1.2250000000000003
0,2.082,0,40,-0.3000000000000007
1,1.257,0,40,-0.3000000000000007
1,1.54,0,40,-0.3000000000000007
0,2.124,0,40,-0.3000000000000007
1,1.846,0,40,-0.3000000000000007
0,1.814,0,40,-0.3000000000000007
0,1.802,0,40,-0.3000000000000007
0,1.631,0,40,-0.3000000000000007
0,2.267,0,40,-0.3000000000000007
1,1.384,0,40,-0.3000000000000007
1,3.75,0,40,0.3
0,1.214,0,40,0.3
0,2.63,0,40,0.3
0,1.212,0,40,0.3
1,1.381,0,40,0.3
1,1.548,0,40,0.3
1,2.142,0,40,0.3
0,1.707,0,40,0.3
1,1.633,0,40,0.3
1,1.475,0,40,0.3
0,1.14,0,40,1.225
0,1.065,0,40,1.225
1,1.289,0,40,1.225
1,1.2,0,40,1.225
0,1.208,0,40,1.225
1,1.725,0,40,1.225
0,1.861,0,40,1.225
1,2.478,0,40,1.225
1,1.699,0,40,1.225
1,1.995,0,40,1.225
1,1.6909999999999998,0,40,2.15
1,1.531,0,40,2.15
1,1.672,0,40,2.15
1,1.408,0,40,2.15
1,1.595,0,40,2.15
1,1.195,0,40,2.15
1,1.887,0,40,2.15
1,1.781,0,40,2.15
1,1.436,0,40,2.15
1,1.182,0,40,2.15
1,1.527,0,40,3.075
1,1.741,0,40,3.075
1,1.444,0,40,3.075
1,1.696,0,40,3.075
1,1.139,0,40,3.075
1,2.456,0,40,3.075
1,1.786,0,40,3.075
1,1.2919999999999998,0,40,3.075
1,1.5219999999999998,0,40,3.075
1,1.611,0,40,3.075
1,1.268,0,40,4.0
1,2.137,0,40,4.0
1,1.308,0,40,4.0
1,1.058,0,40,4.0
1,1.151,0,40,4.0
1,1.7380000000000002,0,40,4.0
1,1.556,0,40,4.0
1,1.172,0,40,4.0
1,1.419,0,40,4.0
1,1.4780000000000002,0,40,4.0
0,1.892,50,40,-5.0
0,1.693,50,40,-5.0
0,1.963,50,40,-5.0
0,1.482,50,40,-5.0
0,1.402,50,40,-5.0
0,2.343,50,40,-5.0
0,1.652,50,40,-5.0
0,1.7819999999999998,50,40,-5.0
0,1.123,50,40,-5.0
0,1.151,50,40,-5.0
0,1.8,50,40,-3.825
0,1.581,50,40,-3.825
0,1.238,50,40,-3.825
0,1.628,50,40,-3.825
0,1.493,50,40,-3.825
0,1.639,50,40,-3.825
0,2.248,50,40,-3.825
0,1.4340000000000002,50,40,-3.825
0,1.514,50,40,-3.825
0,1.793,50,40,-3.825
0,1.871,50,40,-2.6500000000000004
0,1.443,50,40,-2.6500000000000004
0,2.187,50,40,-2.6500000000000004
0,1.7,50,40,-2.6500000000000004
0,1.461,50,40,-2.6500000000000004
0,1.334,50,40,-2.6500000000000004
0,1.416,50,40,-2.6500000000000004
0,1.194,50,40,-2.6500000000000004
0,2.064,50,40,-2.6500000000000004
0,1.548,50,40,-2.6500000000000004
1,1.825,50,40,-1.4750000000000003
0,1.18,50,40,-1.4750000000000003
0,1.6909999999999998,50,40,-1.4750000000000003
0,2.256,50,40,-1.4750000000000003
0,1.47,50,40,-1.4750000000000003
0,1.602,50,40,-1.4750000000000003
0,1.727,50,40,-1.4750000000000003
0,1.884,50,40,-1.4750000000000003
0,1.594,50,40,-1.4750000000000003
0,1.5619999999999998,50,40,-1.4750000000000003
1,2.656,50,40,-0.3000000000000007
1,2.145,50,40,-0.3000000000000007
0,1.344,50,40,-0.3000000000000007
0,1.921,50,40,-0.3000000000000007
0,1.7380000000000002,50,40,-0.3000000000000007
1,2.285,50,40,-0.3000000000000007
1,2.4,50,40,-0.3000000000000007
0,1.944,50,40,-0.3000000000000007
1,2.717,50,40,-0.3000000000000007
0,1.949,50,40,-0.3000000000000007
1,1.834,50,40,0.3
0,2.067,50,40,0.3
0,1.45,50,40,0.3
1,1.578,50,40,0.3
1,3.633,50,40,0.3
0,1.696,50,40,0.3
0,2.0,50,40,0.3
1,1.215,50,40,0.3
1,1.607,50,40,0.3
0,1.211,50,40,0.3
1,1.453,50,40,1.475
1,1.986,50,40,1.475
1,1.484,50,40,1.475
1,1.221,50,40,1.475
0,1.524,50,40,1.475
1,3.834,50,40,1.475
1,2.369,50,40,1.475
1,1.5659999999999998,50,40,1.475
1,3.107,50,40,1.475
0,1.988,50,40,1.475
1,1.189,50,40,2.65
1,2.57,50,40,2.65
1,1.763,50,40,2.65
1,2.863,50,40,2.65
1,1.3769999999999998,50,40,2.65
1,1.788,50,40,2.65
1,2.311,50,40,2.65
1,1.362,50,40,2.65
1,1.5519999999999998,50,40,2.65
1,1.39,50,40,2.65
1,1.383,50,40,3.825
1,1.537,50,40,3.825
1,1.479,50,40,3.825
1,1.577,50,40,3.825
1,1.418,50,40,3.825
1,1.36,50,40,3.825
1,1.465,50,40,3.825
1,1.74,50,40,3.825
1,1.494,50,40,3.825
1,2.024,50,40,3.825
1,2.007,50,40,5.0
1,1.675,50,40,5.0
1,1.232,50,40,5.0
1,1.644,50,40,5.0
1,1.151,50,40,5.0
1,1.658,50,40,5.0
1,1.869,50,40,5.0
1,1.095,50,40,5.0
1,1.171,50,40,5.0
1,1.6469999999999998,50,40,5.0
0,1.7719999999999998,100,40,-6.0
0,1.778,100,40,-6.0
0,5.301,100,40,-6.0
0,1.614,100,40,-6.0
0,1.39,100,40,-6.0
0,2.189,100,40,-6.0
0,1.207,100,40,-6.0
0,1.209,100,40,-6.0
0,1.467,100,40,-6.0
0,1.6130000000000002,100,40,-6.0
0,2.086,100,40,-4.575
0,1.404,100,40,-4.575
0,2.016,100,40,-4.575
0,1.198,100,40,-4.575
0,1.086,100,40,-4.575
0,1.581,100,40,-4.575
0,1.495,100,40,-4.575
0,1.965,100,40,-4.575
0,2.04,100,40,-4.575
0,1.2990000000000002,100,40,-4.575
0,1.274,100,40,-3.1500000000000004
0,1.246,100,40,-3.1500000000000004
0,1.784,100,40,-3.1500000000000004
0,1.787,100,40,-3.1500000000000004
0,1.395,100,40,-3.1500000000000004
0,1.439,100,40,-3.1500000000000004
0,1.496,100,40,-3.1500000000000004
0,1.569,100,40,-3.1500000000000004
0,1.585,100,40,-3.1500000000000004
0,1.099,100,40,-3.1500000000000004
0,84.929,100,40,-1.7250000000000003
0,1.863,100,40,-1.7250000000000003
0,1.403,100,40,-1.7250000000000003
0,1.7719999999999998,100,40,-1.7250000000000003
0,2.007,100,40,-1.7250000000000003
0,1.5930000000000002,100,40,-1.7250000000000003
0,1.705,100,40,-1.7250000000000003
0,1.204,100,40,-1.7250000000000003
0,1.482,100,40,-1.7250000000000003
0,1.695,100,40,-1.7250000000000003
0,1.685,100,40,-0.3000000000000007
0,2.381,100,40,-0.3000000000000007
1,1.67,100,40,-0.3000000000000007
0,1.815,100,40,-0.3000000000000007
1,1.491,100,40,-0.3000000000000007
1,1.84,100,40,-0.3000000000000007
0,1.308,100,40,-0.3000000000000007
1,2.016,100,40,-0.3000000000000007
0,3.717,100,40,-0.3000000000000007
0,1.477,100,40,-0.3000000000000007
1,1.801,100,40,0.3
0,2.68,100,40,0.3
0,2.747,100,40,0.3
1,1.485,100,40,0.3
1,1.546,100,40,0.3
1,1.745,100,40,0.3
1,2.96,100,40,0.3
1,1.945,100,40,0.3
0,2.005,100,40,0.3
1,2.317,100,40,0.3
1,1.164,100,40,1.725
1,1.717,100,40,1.725
1,1.5830000000000002,100,40,1.725
1,2.008,100,40,1.725
1,1.557,100,40,1.725
1,1.675,100,40,1.725
1,1.4409999999999998,100,40,1.725
1,2.497,100,40,1.725
1,1.719,100,40,1.725
1,2.242,100,40,1.725
1,3.055,100,40,3.15
1,1.917,100,40,3.15
1,1.702,100,40,3.15
1,2.381,100,40,3.15
1,1.166,100,40,3.15
1,1.199,100,40,3.15
0,1.783,100,40,3.15
1,1.334,100,40,3.15
1,1.726,100,40,3.15
1,1.592,100,40,3.15
1,1.871,100,40,4.575
1,2.44,100,40,4.575
1,2.176,100,40,4.575
1,1.609,100,40,4.575
1,1.36,100,40,4.575
1,1.318,100,40,4.575
1,1.534,100,40,4.575
1,1.807,100,40,4.575
1,1.865,100,40,4.575
1,1.226,100,40,4.575
1,1.599,100,40,6.0
1,1.574,100,40,6.0
1,1.584,100,40,6.0
1,1.72,100,40,6.0
1,1.658,100,40,6.0
1,1.897,100,40,6.0
1,1.777,100,40,6.0
1,1.713,100,40,6.0
1,1.621,100,40,6.0
1,1.71,100,40,6.0
0,1.993,150,40,-7.0
0,2.894,150,40,-7.0
0,1.296,150,40,-7.0
0,1.584,150,40,-7.0
0,1.5419999999999998,150,40,-7.0
0,1.546,150,40,-7.0
0,1.75,150,40,-7.0
0,2.4290000000000003,150,40,-7.0
0,1.382,150,40,-7.0
0,1.908,150,40,-7.0
0,1.152,150,40,-5.325
0,1.76,150,40,-5.325
0,1.905,150,40,-5.325
0,1.781,150,40,-5.325
0,1.285,150,40,-5.325
0,2.245,150,40,-5.325
0,1.149,150,40,-5.325
0,1.329,150,40,-5.325
0,2.559,150,40,-5.325
0,1.816,150,40,-5.325
0,1.317,150,40,-3.65
0,1.79,150,40,-3.65
0,1.524,150,40,-3.65
0,1.6569999999999998,150,40,-3.65
0,3.091,150,40,-3.65
0,1.7,150,40,-3.65
0,1.821,150,40,-3.65
0,1.803,150,40,-3.65
0,2.496,150,40,-3.65
0,1.207,150,40,-3.65
0,2.063,150,40,-1.9750000000000003
0,1.779,150,40,-1.9750000000000003
1,1.861,150,40,-1.9750000000000003
0,1.704,150,40,-1.9750000000000003
0,1.527,150,40,-1.9750000000000003
0,2.415,150,40,-1.9750000000000003
0,1.615,150,40,-1.9750000000000003
0,1.385,150,40,-1.9750000000000003
0,1.732,150,40,-1.9750000000000003
0,1.349,150,40,-1.9750000000000003
0,1.749,150,40,-0.3000000000000007
0,2.296,150,40,-0.3000000000000007
0,1.524,150,40,-0.3000000000000007
0,1.787,150,40,-0.3000000000000007
1,1.924,150,40,-0.3000000000000007
0,1.774,150,40,-0.3000000000000007
0,2.747,150,40,-0.3000000000000007
0,1.35,150,40,-0.3000000000000007
1,1.266,150,40,-0.3000000000000007
1,1.314,150,40,-0.3000000000000007
0,2.481,150,40,0.3
0,1.865,150,40,0.3
1,1.625,150,40,0.3
1,1.908,150,40,0.3
1,2.64,150,40,0.3
1,1.967,150,40,0.3
1,1.771,150,40,0.3
0,2.668,150,40,0.3
0,1.631,150,40,0.3
1,1.475,150,40,0.3
1,1.851,150,40,1.975
1,1.6769999999999998,150,40,1.975
1,2.39,150,40,1.975
1,2.985,150,40,1.975
1,1.873,150,40,1.975
1,1.453,150,40,1.975
0,2.201,150,40,1.975
1,1.904,150,40,1.975
1,1.43,150,40,1.975
1,2.021,150,40,1.975
1,2.31,150,40,3.65
1,1.289,150,40,3.65
1,1.7180000000000002,150,40,3.65
1,1.794,150,40,3.65
1,1.15,150,40,3.65
1,1.3230000000000002,150,40,3.65
1,1.271,150,40,3.65
1,1.2,150,40,3.65
1,1.94,150,40,3.65
1,1.823,150,40,3.65
1,2.255,150,40,5.325
1,1.244,150,40,5.325
1,1.454,150,40,5.325
1,1.57,150,40,5.325
1,1.527,150,40,5.325
1,2.426,150,40,5.325
1,1.369,150,40,5.325
1,1.5,150,40,5.325
1,1.586,150,40,5.325
1,1.6880000000000002,150,40,5.325
1,2.036,150,40,7.0
1,1.279,150,40,7.0
1,1.254,150,40,7.0
1,1.17,150,40,7.0
1,1.382,150,40,7.0
1,1.165,150,40,7.0
1,1.135,150,40,7.0
1,1.501,150,40,7.0
1,1.746,150,40,7.0
1,1.7480000000000002,150,40,7.0
0,1.445,200,40,-8.0
0,1.4469999999999998,200,40,-8.0
0,1.182,200,40,-8.0
0,1.732,200,40,-8.0
0,1.37,200,40,-8.0
0,1.5830000000000002,200,40,-8.0
0,1.199,200,40,-8.0
0,1.308,200,40,-8.0
0,1.64,200,40,-8.0
0,1.182,200,40,-8.0
0,1.986,200,40,-6.075
0,2.899,200,40,-6.075
0,1.517,200,40,-6.075
0,1.624,200,40,-6.075
0,1.668,200,40,-6.075
0,1.449,200,40,-6.075
0,1.219,200,40,-6.075
0,1.778,200,40,-6.075
0,1.293,200,40,-6.075
0,1.476,200,40,-6.075
0,1.969,200,40,-4.15
0,1.727,200,40,-4.15
0,1.472,200,40,-4.15
0,1.117,200,40,-4.15
0,1.275,200,40,-4.15
0,1.118,200,40,-4.15
0,1.435,200,40,-4.15
0,2.199,200,40,-4.15
0,1.546,200,40,-4.15
0,1.247,200,40,-4.15
0,2.176,200,40,-2.2250000000000005
0,1.968,200,40,-2.2250000000000005
0,1.722,200,40,-2.2250000000000005
0,1.65,200,40,-2.2250000000000005
0,1.526,200,40,-2.2250000000000005
0,1.6369999999999998,200,40,-2.2250000000000005
0,1.629,200,40,-2.2250000000000005
0,2.057,200,40,-2.2250000000000005
0,2.086,200,40,-2.2250000000000005
0,2.524,200,40,-2.2250000000000005
0,1.7519999999999998,200,40,-0.3000000000000007
1,1.368,200,40,-0.3000000000000007
0,1.798,200,40,-0.3000000000000007
1,1.829,200,40,-0.3000000000000007
0,1.979,200,40,-0.3000000000000007
0,1.306,200,40,-0.3000000000000007
1,1.199,200,40,-0.3000000000000007
1,1.801,200,40,-0.3000000000000007
1,2.37,200,40,-0.3000000000000007
0,1.644,200,40,-0.3000000000000007
0,1.942,200,40,0.3
0,2.306,200,40,0.3
1,1.42,200,40,0.3
1,2.367,200,40,0.3
1,1.367,200,40,0.3
1,2.251,200,40,0.3
0,1.525,200,40,0.3
1,2.6910000000000003,200,40,0.3
0,1.783,200,40,0.3
0,1.902,200,40,0.3
1,1.372,200,40,2.225
1,2.383,200,40,2.225
1,1.4409999999999998,200,40,2.225
1,28.474,200,40,2.225
1,1.8,200,40,2.225
1,1.161,200,40,2.225
1,1.482,200,40,2.225
1,1.963,200,40,2.225
1,1.676,200,40,2.225
1,2.116,200,40,2.225
1,1.241,200,40,4.15
1,1.284,200,40,4.15
1,1.582,200,40,4.15
1,1.789,200,40,4.15
1,1.501,200,40,4.15
1,1.337,200,40,4.15
1,1.863,200,40,4.15
1,1.285,200,40,4.15
1,1.485,200,40,4.15
1,3.01,200,40,4.15
1,1.151,200,40,6.075
1,1.591,200,40,6.075
1,2.563,200,40,6.075
1,1.703,200,40,6.075
1,1.764,200,40,6.075
1,1.479,200,40,6.075
1,1.48,200,40,6.075
1,1.273,200,40,6.075
1,1.83,200,40,6.075
1,1.7719999999999998,200,40,6.075
1,1.536,200,40,8.0
1,1.331,200,40,8.0
1,1.069,200,40,8.0
1,1.773,200,40,8.0
1,1.972,200,40,8.0
1,2.151,200,40,8.0
1,1.71,200,40,8.0
1,1.6469999999999998,200,40,8.0
1,1.484,200,40,8.0
1,1.7619999999999998,200,40,8.0
0,1.133,0,50,-5.5
0,1.261,0,50,-5.5
0,1.893,0,50,-5.5
0,2.136,0,50,-5.5
0,2.047,0,50,-5.5
0,1.662,0,50,-5.5
0,1.574,0,50,-5.5
0,1.418,0,50,-5.5
0,2.125,0,50,-5.5
0,1.592,0,50,-5.5
0,1.761,0,50,-4.2
0,1.927,0,50,-4.2
0,1.273,0,50,-4.2
0,1.8,0,50,-4.2
0,1.075,0,50,-4.2
0,1.301,0,50,-4.2
0,1.4069999999999998,0,50,-4.2
0,1.144,0,50,-4.2
0,1.6969999999999998,0,50,-4.2
0,1.351,0,50,-4.2
0,2.051,0,50,-2.9000000000000004
0,1.095,0,50,-2.9000000000000004
0,1.456,0,50,-2.9000000000000004
1,1.264,0,50,-2.9000000000000004
0,1.55,0,50,-2.9000000000000004
0,1.336,0,50,-2.9000000000000004
0,1.082,0,50,-2.9000000000000004
0,1.541,0,50,-2.9000000000000004
0,1.7180000000000002,0,50,-2.9000000000000004
0,1.548,0,50,-2.9000000000000004
1,1.579,0,50,-1.6000000000000003
0,1.7719999999999998,0,50,-1.6000000000000003
1,1.383,0,50,-1.6000000000000003
0,1.605,0,50,-1.6000000000000003
0,1.411,0,50,-1.6000000000000003
0,1.922,0,50,-1.6000000000000003
0,2.007,0,50,-1.6000000000000003
0,1.481,0,50,-1.6000000000000003
0,1.104,0,50,-1.6000000000000003
0,1.795,0,50,-1.6000000000000003
1,1.6740000000000002,0,50,-0.3000000000000007
1,1.07,0,50,-0.3000000000000007
0,1.497,0,50,-0.3000000000000007
0,3.264,0,50,-0.3000000000000007
0,2.005,0,50,-0.3000000000000007
0,1.734,0,50,-0.3000000000000007
1,1.676,0,50,-0.3000000000000007
0,1.741,0,50,-0.3000000000000007
1,1.192,0,50,-0.3000000000000007
1,1.416,0,50,-0.3000000000000007
1,2.061,0,50,0.3
1,1.7280000000000002,0,50,0.3
0,1.766,0,50,0.3
0,1.5719999999999998,0,50,0.3
0,1.594,0,50,0.3
0,1.626,0,50,0.3
0,1.969,0,50,0.3
1,1.153,0,50,0.3
0,2.252,0,50,0.3
0,1.809,0,50,0.3
1,1.442,0,50,1.6
1,1.997,0,50,1.6
1,1.3090000000000002,0,50,1.6
1,3.719,0,50,1.6
1,1.369,0,50,1.6
1,1.494,0,50,1.6
1,1.5659999999999998,0,50,1.6
1,2.112,0,50,1.6
0,2.152,0,50,1.6
0,1.86,0,50,1.6
1,1.367,0,50,2.9
1,1.614,0,50,2.9
1,1.364,0,50,2.9
1,1.581,0,50,2.9
1,1.528,0,50,2.9
1,1.977,0,50,2.9
1,2.068,0,50,2.9
1,1.132,0,50,2.9
1,1.325,0,50,2.9
1,1.611,0,50,2.9
1,1.876,0,50,4.2
1,1.7719999999999998,0,50,4.2
1,1.681,0,50,4.2
1,1.161,0,50,4.2
1,1.554,0,50,4.2
1,1.524,0,50,4.2
1,1.575,0,50,4.2
1,1.291,0,50,4.2
1,2.7110000000000003,0,50,4.2
1,1.419,0,50,4.2
1,1.6969999999999998,0,50,5.5
1,1.604,0,50,5.5
1,1.23,0,50,5.5
1,1.476,0,50,5.5
1,1.616,0,50,5.5
1,1.773,0,50,5.5
1,1.345,0,50,5.5
1,1.516,0,50,5.5
1,1.7519999999999998,0,50,5.5
1,1.683,0,50,5.5
0,1.386,50,50,-6.0
0,1.891,50,50,-6.0
0,1.75,50,50,-6.0
0,1.555,50,50,-6.0
0,1.921,50,50,-6.0
0,1.465,50,50,-6.0
0,1.675,50,50,-6.0
0,1.467,50,50,-6.0
0,1.429,50,50,-6.0
0,1.747,50,50,-6.0
0,4.03,50,50,-4.575
0,1.7,50,50,-4.575
0,1.275,50,50,-4.575
0,1.188,50,50,-4.575
0,1.5,50,50,-4.575
0,1.846,50,50,-4.575
0,1.74,50,50,-4.575
0,3.448,50,50,-4.575
0,1.452,50,50,-4.575
0,1.518,50,50,-4.575
0,2.004,50,50,-3.1500000000000004
0,1.7009999999999998,50,50,-3.1500000000000004
0,1.22,50,50,-3.1500000000000004
0,1.34,50,50,-3.1500000000000004
0,1.774,50,50,-3.1500000000000004
0,2.088,50,50,-3.1500000000000004
0,1.204,50,50,-3.1500000000000004
0,1.661,50,50,-3.1500000000000004
1,1.579,50,50,-3.1500000000000004
0,1.518,50,50,-3.1500000000000004
0,1.2990000000000002,50,50,-1.7250000000000003
0,2.329,50,50,-1.7250000000000003
0,1.878,50,50,-1.7250000000000003
1,5.646,50,50,-1.7250000000000003
0,1.577,50,50,-1.7250000000000003
0,1.907,50,50,-1.7250000000000003
0,2.156,50,50,-1.7250000000000003
0,1.195,50,50,-1.7250000000000003
0,2.987,50,50,-1.7250000000000003
0,1.622,50,50,-1.7250000000000003
0,1.372,50,50,-0.3000000000000007
0,1.795,50,50,-0.3000000000000007
1,1.541,50,50,-0.3000000000000007
0,1.7380000000000002,50,50,-0.3000000000000007
1,2.595,50,50,-0.3000000000000007
0,1.212,50,50,-0.3000000000000007
0,1.5590000000000002,50,50,-0.3000000000000007
0,1.808,50,50,-0.3000000000000007
1,1.433,50,50,-0.3000000000000007
1,1.234,50,50,-0.3000000000000007
0,1.937,50,50,0.3
1,2.374,50,50,0.3
0,1.956,50,50,0.3
0,1.787,50,50,0.3
1,1.399,50,50,0.3
0,3.788,50,50,0.3
1,2.414,50,50,0.3
0,1.446,50,50,0.3
1,5.683,50,50,0.3
1,1.241,50,50,0.3
1,1.711,50,50,1.725
1,1.636,50,50,1.725
1,1.355,50,50,1.725
1,2.173,50,50,1.725
1,1.075,50,50,1.725
1,1.524,50,50,1.725
1,2.16,50,50,1.725
1,1.616,50,50,1.725
1,1.107,50,50,1.725
0,2.739,50,50,1.725
1,2.403,50,50,3.15
1,1.194,50,50,3.15
1,1.6769999999999998,50,50,3.15
1,1.676,50,50,3.15
1,1.544,50,50,3.15
1,1.816,50,50,3.15
1,1.5830000000000002,50,50,3.15
1,1.54,50,50,3.15
1,1.764,50,50,3.15
1,1.592,50,50,3.15
1,1.548,50,50,4.575
1,1.982,50,50,4.575
1,2.271,50,50,4.575
1,2.254,50,50,4.575
1,1.7480000000000002,50,50,4.575
1,1.59,50,50,4.575
1,1.564,50,50,4.575
1,1.389,50,50,4.575
1,1.476,50,50,4.575
1,1.665,50,50,4.575
1,1.3259999999999998,50,50,6.0
1,1.46,50,50,6.0
1,1.452,50,50,6.0
1,1.348,50,50,6.0
1,2.347,50,50,6.0
1,1.268,50,50,6.0
1,1.696,50,50,6.0
1,1.429,50,50,6.0
1,1.3330000000000002,50,50,6.0
1,1.344,50,50,6.0
0,2.517,100,50,-7.0
0,1.117,100,50,-7.0
0,2.445,100,50,-7.0
0,1.706,100,50,-7.0
0,1.529,100,50,-7.0
0,1.611,100,50,-7.0
0,2.258,100,50,-7.0
0,1.154,100,50,-7.0
0,1.533,100,50,-7.0
0,1.499,100,50,-7.0
0,1.259,100,50,-5.325
0,1.64,100,50,-5.325
0,1.443,100,50,-5.325
0,2.412,100,50,-5.325
0,1.453,100,50,-5.325
0,1.536,100,50,-5.325
0,2.152,100,50,-5.325
0,1.6880000000000002,100,50,-5.325
0,1.612,100,50,-5.325
0,1.705,100,50,-5.325
0,2.341,100,50,-3.65
0,1.3219999999999998,100,50,-3.65
0,4.188,100,50,-3.65
0,1.5019999999999998,100,50,-3.65
0,1.91,100,50,-3.65
0,1.143,100,50,-3.65
0,1.694,100,50,-3.65
0,1.847,100,50,-3.65
0,2.016,100,50,-3.65
0,1.596,100,50,-3.65
0,2.824,100,50,-1.9750000000000003
0,1.664,100,50,-1.9750000000000003
0,2.09,100,50,-1.9750000000000003
0,1.489,100,50,-1.9750000000000003
0,1.56,100,50,-1.9750000000000003
0,1.561,100,50,-1.9750000000000003
0,1.83,100,50,-1.9750000000000003
0,1.4280000000000002,100,50,-1.9750000000000003
1,1.621,100,50,-1.9750000000000003
0,1.5119999999999998,100,50,-1.9750000000000003
0,2.068,100,50,-0.3000000000000007
0,2.709,100,50,-0.3000000000000007
1,1.931,100,50,-0.3000000000000007
0,1.634,100,50,-0.3000000000000007
0,1.956,100,50,-0.3000000000000007
0,1.889,100,50,-0.3000000000000007
0,3.102,100,50,-0.3000000000000007
1,1.491,100,50,-0.3000000000000007
0,1.7009999999999998,100,50,-0.3000000000000007
0,2.265,100,50,-0.3000000000000007
1,2.345,100,50,0.3
1,1.436,100,50,0.3
1,1.795,100,50,0.3
1,1.84,100,50,0.3
0,3.088,100,50,0.3
1,1.732,100,50,0.3
0,1.842,100,50,0.3
1,1.5019999999999998,100,50,0.3
1,1.615,100,50,0.3
1,1.676,100,50,0.3
1,1.621,100,50,1.975
1,1.429,100,50,1.975
1,1.267,100,50,1.975
1,1.517,100,50,1.975
1,2.252,100,50,1.975
1,3.217,100,50,1.975
1,1.3259999999999998,100,50,1.975
1,1.889,100,50,1.975
1,1.293,100,50,1.975
1,1.6780000000000002,100,50,1.975
1,1.719,100,50,3.65
1,1.473,100,50,3.65
1,1.406,100,50,3.65
1,1.507,100,50,3.65
1,2.522,100,50,3.65
1,2.575,100,50,3.65
1,1.431,100,50,3.65
1,1.226,100,50,3.65
1,1.214,100,50,3.65
1,1.839,100,50,3.65
1,1.253,100,50,5.325
1,3.874,100,50,5.325
1,2.65,100,50,5.325
1,1.255,100,50,5.325
1,1.574,100,50,5.325
1,1.496,100,50,5.325
1,1.331,100,50,5.325
1,1.339,100,50,5.325
1,1.484,100,50,5.325
1,1.7990000000000002,100,50,5.325
1,1.357,100,50,7.0
1,1.261,100,50,7.0
1,1.82,100,50,7.0
1,1.833,100,50,7.0
1,1.717,100,50,7.0
0,1.3259999999999998,100,50,7.0
1,1.454,100,50,7.0
1,1.699,100,50,7.0
1,1.68,100,50,7.0
1,1.237,100,50,7.0
0,3.794,150,50,-8.0
0,1.126,150,50,-8.0
0,1.619,150,50,-8.0
0,1.831,150,50,-8.0
0,2.327,150,50,-8.0
0,2.14,150,50,-8.0
0,1.607,150,50,-8.0
0,1.369,150,50,-8.0
0,1.389,150,50,-8.0
0,1.481,150,50,-8.0
0,1.769,150,50,-6.075
0,1.923,150,50,-6.075
0,1.778,150,50,-6.075
0,1.208,150,50,-6.075
0,3.2310000000000003,150,50,-6.075
0,1.5619999999999998,150,50,-6.075
0,1.4,150,50,-6.075
0,1.181,150,50,-6.075
0,1.3430000000000002,150,50,-6.075
0,1.252,150,50,-6.075
0,1.531,150,50,-4.15
0,1.4369999999999998,150,50,-4.15
0,1.794,150,50,-4.15
1,1.469,150,50,-4.15
0,2.147,150,50,-4.15
0,1.768,150,50,-4.15
0,1.126,150,50,-4.15
0,1.234,150,50,-4.15
0,2.166,150,50,-4.15
0,1.848,150,50,-4.15
0,1.814,150,50,-2.2250000000000005
0,2.166,150,50,-2.2250000000000005
0,1.834,150,50,-2.2250000000000005
0,1.839,150,50,-2.2250000000000005
0,1.726,150,50,-2.2250000000000005
0,1.644,150,50,-2.2250000000000005
0,2.269,150,50,-2.2250000000000005
0,1.5659999999999998,150,50,-2.2250000000000005
0,1.547,150,50,-2.2250000000000005
0,1.909,150,50,-2.2250000000000005
1,3.91,150,50,-0.3000000000000007
1,1.476,150,50,-0.3000000000000007
1,2.41,150,50,-0.3000000000000007
1,1.533,150,50,-0.3000000000000007
0,1.418,150,50,-0.3000000000000007
1,1.39,150,50,-0.3000000000000007
1,3.91,150,50,-0.3000000000000007
1,1.681,150,50,-0.3000000000000007
0,1.94,150,50,-0.3000000000000007
1,1.23,150,50,-0.3000000000000007
1,1.722,150,50,0.3
0,1.634,150,50,0.3
0,1.4980000000000002,150,50,0.3
0,1.6880000000000002,150,50,0.3
0,1.757,150,50,0.3
0,2.306,150,50,0.3
0,2.29,150,50,0.3
1,2.193,150,50,0.3
0,1.6869999999999998,150,50,0.3
1,1.746,150,50,0.3
0,1.569,150,50,2.225
1,2.76,150,50,2.225
0,2.133,150,50,2.225
1,1.754,150,50,2.225
1,1.5119999999999998,150,50,2.225
1,4.466,150,50,2.225
1,1.592,150,50,2.225
1,1.246,150,50,2.225
1,1.651,150,50,2.225
1,1.409,150,50,2.225
1,1.594,150,50,4.15
1,1.771,150,50,4.15
1,1.6230000000000002,150,50,4.15
1,2.214,150,50,4.15
1,1.655,150,50,4.15
1,1.336,150,50,4.15
1,1.38,150,50,4.15
1,1.098,150,50,4.15
1,1.469,150,50,4.15
1,1.808,150,50,4.15
1,1.558,150,50,6.075
1,1.972,150,50,6.075
1,1.206,150,50,6.075
1,1.317,150,50,6.075
1,1.518,150,50,6.075
1,1.734,150,50,6.075
1,3.634,150,50,6.075
1,1.895,150,50,6.075
1,1.159,150,50,6.075
1,1.4680000000000002,150,50,6.075
1,1.937,150,50,8.0
1,1.813,150,50,8.0
1,1.436,150,50,8.0
1,1.763,150,50,8.0
1,1.215,150,50,8.0
1,1.822,150,50,8.0
1,1.4340000000000002,150,50,8.0
1,1.339,150,50,8.0
1,1.261,150,50,8.0
1,1.097,150,50,8.0
0,1.3430000000000002,200,50,-9.0
0,1.364,200,50,-9.0
0,1.631,200,50,-9.0
0,1.243,200,50,-9.0
0,1.742,200,50,-9.0
0,2.07,200,50,-9.0
0,1.644,200,50,-9.0
0,1.342,200,50,-9.0
0,1.587,200,50,-9.0
0,1.526,200,50,-9.0
0,1.47,200,50,-6.825
0,1.15,200,50,-6.825
0,1.297,200,50,-6.825
0,1.679,200,50,-6.825
0,2.0,200,50,-6.825
0,1.733,200,50,-6.825
0,1.207,200,50,-6.825
0,1.556,200,50,-6.825
0,1.599,200,50,-6.825
0,1.329,200,50,-6.825
0,2.5980000000000003,200,50,-4.65
0,1.258,200,50,-4.65
0,1.414,200,50,-4.65
0,2.949,200,50,-4.65
0,1.349,200,50,-4.65
0,1.7819999999999998,200,50,-4.65
0,1.741,200,50,-4.65
0,1.785,200,50,-4.65
0,1.927,200,50,-4.65
1,1.391,200,50,-4.65
0,1.987,200,50,-2.4750000000000005
0,1.5659999999999998,200,50,-2.4750000000000005
0,1.765,200,50,-2.4750000000000005
0,1.261,200,50,-2.4750000000000005
0,1.5719999999999998,200,50,-2.4750000000000005
0,2.068,200,50,-2.4750000000000005
0,1.151,200,50,-2.4750000000000005
0,1.513,200,50,-2.4750000000000005
0,1.3969999999999998,200,50,-2.4750000000000005
0,1.635,200,50,-2.4750000000000005
0,1.474,200,50,-0.3000000000000007
1,2.3480000000000003,200,50,-0.3000000000000007
1,1.4980000000000002,200,50,-0.3000000000000007
0,1.567,200,50,-0.3000000000000007
1,1.68,200,50,-0.3000000000000007
0,1.847,200,50,-0.3000000000000007
0,1.592,200,50,-0.3000000000000007
0,1.46,200,50,-0.3000000000000007
1,1.8,200,50,-0.3000000000000007
0,1.819,200,50,-0.3000000000000007
1,1.4269999999999998,200,50,0.3
1,1.694,200,50,0.3
1,1.492,200,50,0.3
1,2.682,200,50,0.3
0,1.77,200,50,0.3
1,2.31,200,50,0.3
1,1.957,200,50,0.3
1,1.939,200,50,0.3
0,2.5540000000000003,200,50,0.3
0,4.584,200,50,0.3
1,2.404,200,50,2.475
1,1.528,200,50,2.475
1,1.85,200,50,2.475
0,2.471,200,50,2.475
1,1.66,200,50,2.475
1,1.128,200,50,2.475
1,1.69,200,50,2.475
1,2.625,200,50,2.475
1,2.202,200,50,2.475
0,1.973,200,50,2.475
1,1.77,200,50,4.65
1,1.65,200,50,4.65
1,1.8,200,50,4.65
1,1.894,200,50,4.65
1,2.539,200,50,4.65
1,1.325,200,50,4.65
1,2.068,200,50,4.65
1,1.883,200,50,4.65
1,1.4880000000000002,200,50,4.65
1,1.396,200,50,4.65
1,1.652,200,50,6.824999999999998
1,1.705,200,50,6.824999999999998
1,1.599,200,50,6.824999999999998
1,1.855,200,50,6.824999999999998
1,1.755,200,50,6.824999999999998
1,1.673,200,50,6.824999999999998
1,1.176,200,50,6.824999999999998
1,1.956,200,50,6.824999999999998
1,1.151,200,50,6.824999999999998
1,2.129,200,50,6.824999999999998
1,1.611,200,50,9.0
1,1.209,200,50,9.0
1,1.222,200,50,9.0
1,1.64,200,50,9.0
1,1.601,200,50,9.0
1,1.58,200,50,9.0
1,1.5419999999999998,200,50,9.0
1,1.6909999999999998,200,50,9.0
1,1.457,200,50,9.0
1,2.126,200,50,9.0
